110
25
5
4
15
8
0
2 5 4 1 
2 1 4 2 
3 3 1 5 
3 3 4 2 
3 1 3 4 
3 4 1 5 
1 5 2 3 
3 1 4 4 
3 3 1 5 
2 2 3 4 
3 5 2 4 
5 4 4 3 
5 1 4 3 
2 5 1 4 
2 5 2 5 
(2,8),(2,9)
(0,13),(1,13)
(2,13),(3,13)
(0,13),(0,14)
(1,10),(1,11)
(0,13),(0,14)
(0,13),(0,14)
(2,9),(2,10)
(1,12),(2,12)
(2,12),(3,12)
(2,11),(3,11)
(2,13),(2,14)
(0,13),(0,14)
(1,12),(2,12)
(1,12),(1,13)
(2,12),(2,13)
(2,14),(3,14)
(1,13),(2,13)
(2,13),(2,14)
(2,12),(2,13)
(2,12),(3,12)
(2,12),(2,13)
1.35683

Total Nodes Expanded: 206
Solution Depth: 22